{
      "FX": 1048.06335,
      "CX": 943.4668,
      "FY": 1049.631,
      "CY": 562.022156,
      "D0": 0.05024505,
      "D1": -0.0667014346,
      "D2": 0.0005422344,
      "D3": -0.0006498388,
      "D4": 0.0110897264,
      "Near": 0.15,
      "Far": 0.3,
      "NearRect": {
        "X": 1.0,
        "Y": 1.0
      },
      "FarRect": {
        "X": 1.0,
        "Y": 1.0
      },
      "TraningError": 0.0,
      "TestingError": 0.0
}